{
	"patcher" : 	{
		"fileversion" : 1,
		"appversion" : 		{
			"major" : 8,
			"minor" : 5,
			"revision" : 1,
			"architecture" : "x64",
			"modernui" : 1
		}
,
		"classnamespace" : "box",
		"rect" : [ 59.0, 104.0, 993.0, 711.0 ],
		"bglocked" : 0,
		"openinpresentation" : 0,
		"default_fontsize" : 12.0,
		"default_fontface" : 0,
		"default_fontname" : "Kozuka Gothic Pro B",
		"gridonopen" : 1,
		"gridsize" : [ 15.0, 15.0 ],
		"gridsnaponopen" : 1,
		"objectsnaponopen" : 1,
		"statusbarvisible" : 2,
		"toolbarvisible" : 1,
		"lefttoolbarpinned" : 0,
		"toptoolbarpinned" : 0,
		"righttoolbarpinned" : 0,
		"bottomtoolbarpinned" : 0,
		"toolbars_unpinned_last_save" : 0,
		"tallnewobj" : 1,
		"boxanimatetime" : 200,
		"enablehscroll" : 1,
		"enablevscroll" : 1,
		"devicewidth" : 0.0,
		"description" : "",
		"digest" : "",
		"tags" : "",
		"style" : "mystyle2-1",
		"subpatcher_template" : "default",
		"assistshowspatchername" : 0,
		"boxes" : [  ],
		"lines" : [  ],
		"dependency_cache" : [  ],
		"autosave" : 0,
		"styles" : [ 			{
				"name" : "mystyle",
				"default" : 				{
					"editing_bgcolor" : [ 0.356862745098039, 0.356862745098039, 0.356862745098039, 1.0 ],
					"locked_bgcolor" : [ 0.356862745098039, 0.356862745098039, 0.356862745098039, 1.0 ],
					"textcolor" : [ 1.0, 1.0, 1.0, 1.0 ]
				}
,
				"parentstyle" : "",
				"multi" : 0
			}
, 			{
				"name" : "mystyle2",
				"default" : 				{
					"accentcolor" : [ 0.50544, 0.591314, 0.601007, 1.0 ],
					"bgcolor" : [ 0.184313725490196, 0.184313725490196, 0.184313725490196, 1.0 ],
					"bgfillcolor" : 					{
						"angle" : 270.0,
						"autogradient" : 0.0,
						"color" : [ 0.2, 0.2, 0.2, 1.0 ],
						"color1" : [ 0.2495, 0.242348, 0.248704, 1.0 ],
						"color2" : [ 0.2, 0.2, 0.2, 1.0 ],
						"proportion" : 0.5,
						"type" : "gradient"
					}
,
					"clearcolor" : [ 0.0, 0.0, 0.0, 0.0 ],
					"color" : [ 0.662745098039216, 0.796078431372549, 0.733333333333333, 1.0 ],
					"editing_bgcolor" : [ 0.301960784313725, 0.301960784313725, 0.301960784313725, 1.0 ],
					"elementcolor" : [ 0.164705882352941, 0.164705882352941, 0.164705882352941, 1.0 ],
					"locked_bgcolor" : [ 0.247058823529412, 0.247058823529412, 0.247058823529412, 1.0 ],
					"patchlinecolor" : [ 0.701960784313725, 0.701960784313725, 0.701960784313725, 1.0 ],
					"selectioncolor" : [ 0.929411764705882, 0.352941176470588, 0.352941176470588, 1.0 ],
					"stripecolor" : [ 0.647058823529412, 0.188235294117647, 0.188235294117647, 1.0 ]
				}
,
				"parentstyle" : "mystyle",
				"multi" : 0
			}
, 			{
				"name" : "mystyle2-1",
				"default" : 				{
					"accentcolor" : [ 0.50544, 0.591314, 0.601007, 1.0 ],
					"bgcolor" : [ 0.184313725490196, 0.184313725490196, 0.184313725490196, 1.0 ],
					"bgfillcolor" : 					{
						"angle" : 270.0,
						"autogradient" : 0.0,
						"color" : [ 0.2, 0.2, 0.2, 1.0 ],
						"color1" : [ 0.2495, 0.242348, 0.248704, 1.0 ],
						"color2" : [ 0.2, 0.2, 0.2, 1.0 ],
						"proportion" : 0.5,
						"type" : "gradient"
					}
,
					"clearcolor" : [ 0.0, 0.0, 0.0, 0.0 ],
					"color" : [ 0.662745098039216, 0.796078431372549, 0.733333333333333, 1.0 ],
					"editing_bgcolor" : [ 0.301960784313725, 0.301960784313725, 0.301960784313725, 1.0 ],
					"elementcolor" : [ 0.164705882352941, 0.164705882352941, 0.164705882352941, 1.0 ],
					"locked_bgcolor" : [ 0.247058823529412, 0.247058823529412, 0.247058823529412, 1.0 ],
					"patchlinecolor" : [ 0.701960784313725, 0.701960784313725, 0.701960784313725, 1.0 ],
					"selectioncolor" : [ 0.929411764705882, 0.352941176470588, 0.352941176470588, 1.0 ],
					"stripecolor" : [ 0.647058823529412, 0.188235294117647, 0.188235294117647, 1.0 ],
					"textcolor" : [ 1.0, 1.0, 1.0, 1.0 ]
				}
,
				"parentstyle" : "",
				"multi" : 0
			}
 ],
		"bgcolor" : [ 0.262745098039216, 0.262745098039216, 0.262745098039216, 1.0 ]
	}

}
